66
11
99
666
44
555
444
77
22
333
222
55
111
999
1111
33
2222
777
3333
4444
88
6666
888
5555
7777
9999
11111
8888
22222
33333
44444
66666
55555
102564
77777
88888
99999
111111
153846
128205
142857
222222
205128
230769
444444
333333
555555
666666
888888
777777
999999
1111111
2222222
4444444
3333333
6666666
5555555
8888888
7777777
9999999
11111111
22222222
44444444
33333333
66666666
55555555
88888888
77777777
99999999
111111111
22
222222
333333333
444444444
666666666
555555555
777777777
888888888
999999999
1111111111
2222222222
